(-40 -70.112 -40)
(-40 -70.112 40)
(-40 70.112 -40)
(-40 70.112 40) 
(40 -70.112 -40)
(40 -70.112 40)
(40 70.112 -40)
(40 70.112 40) 
(-36.88 -66.992 -40)
(36.88 -66.992 -40)
(36.88 66.992 -40) 
(-36.88 66.992 -40)
(-36.88 -66.992 40)
(-36.88 66.992 40) 
(36.88 66.992 40)
(36.88 -66.992 40)
(-40 -66.992 -36.88) 
(-40 66.992 -36.88)
(-40 66.992 36.88)
(-40 -66.992 36.88) 
(40 -66.992 -36.88)
(40 -66.992 36.88)
(40 66.992 36.88) 
(40 66.992 -36.88)
(-36.88 70.112 -36.88)
(36.88 70.112 -36.88) 
(36.88 70.112 36.88)
(-36.88 70.112 36.88)
(-36.88 -70.112 -36.88) 
(-36.88 -70.112 36.88)
(36.88 -70.112 36.88)
(36.88 -70.112 -36.88) 
(-36.88 -66.992 -36.88)
(36.88 -66.992 -36.88)
(36.88 66.992 -36.88) 
(-36.88 66.992 -36.88)
(-36.88 -66.992 36.88)
(-36.88 66.992 36.88) 
(36.88 66.992 36.88)
(36.88 -66.992 36.88)